stitle	evalue	pident	sstart	send	qseqid	qstart	qend	qseq	sseq
lcl|GU140098.1_cds_ACY79415.1_3 [protein=nucelocapsid protein] [protein_id=ACY79415.1] [location=37..1326] [gbkey=CDS]	4.03e-08	87.234	67	113	OR734632.1	1	47	CAGAAGGTCAAGGATGCAGAAAAGCAGTATGAGAAGGATCCTGATGA	CAGAAGGTGAGGGATGCAGAAAAACAATATGAAAAGGATCCAGATGA
lcl|GU140098.1_cds_ACY79415.1_3 [protein=nucelocapsid protein] [protein_id=ACY79415.1] [location=37..1326] [gbkey=CDS]	6.30e-07	81.481	202	282	OR734632.1	136	216	AGGATTGCAGCAGGAAAGAACATCGGGCAAGACCGGGATCCTACAGGGGTAGAGCCGGGTGATCATCTTAAGGAAAGATCA	AGGATTGCAACCGGAAAGAACCTTGGGAAAGAACAGGATCCCACAGGGGTTGAGCCTGGAGACCATCTGAAAGAGAGATCA
