11
CM016427.1_Pyxicephalus_adspersus                                          0.0000000 0.2051134 0.1759773 0.2035871 0.2025020 0.0565793 0.3626546 0.1751033 0.1759773 0.3929637 0.1751033 
CATNWA010016741.1_Staurois_parvus                                          0.2051134 0.0000000 0.2314921 0.3094914 0.2462842 0.1846877 0.2244084 0.3094065 0.2615091 0.2866601 0.2467428 
JAJQKJ010002606.1_Rana_kukunoris                                           0.1759773 0.2314921 0.0000000 0.4449567 0.4578625 0.1503871 0.3096469 0.6989772 0.3231535 0.2866601 0.5467228 
CM055126.1_Rana_muscosa                                                    0.2035871 0.3094914 0.4449567 0.0000000 0.4319169 0.1185998 0.2626701 0.5528936 0.4049924 0.2375509 0.5490422 
CM053038.1_Lithobates_sylvaticus                                           0.2025020 0.2462842 0.4578625 0.4319169 0.0000000 0.1819431 0.2663732 0.6516345 0.1380064 0.2410210 0.1194273 
JAEOBE010182360.1_Phrynoglossus_myanhessei                                 0.0565793 0.1846877 0.1503871 0.1185998 0.1819431 0.0000000 0.3626546 0.1495457 0.1503871 0.3929637 0.1495457 
JAKJJM010311780.1_Pipa_carvalhoi                                           0.3626546 0.2244084 0.3096469 0.2626701 0.2663732 0.3626546 0.0000000 0.3541891 0.3096469 0.2802188 0.2663732 
BLSH010535194.1_BLSH010011145.1_Glandirana_rugosa                          0.1751033 0.3094065 0.6989772 0.5528936 0.6516345 0.1495457 0.3541891 0.0000000 0.6543960 0.3338918 0.7051340 
LR991692.1_CAJIML010011253.1_VIAC01347839.1_VIAC01175670.1_Rana_temporaria 0.1759773 0.2615091 0.3231535 0.4049924 0.1380064 0.1503871 0.3096469 0.6543960 0.0000000 0.2866601 0.1899011 
LR991677.1_CAJIMM010022611.1_Bufo_bufo                                     0.3929637 0.2866601 0.2866601 0.2375509 0.2410210 0.3929637 0.2802188 0.3338918 0.2866601 0.0000000 0.2410210 
KZ369603.1_Rana_catesbeiana                                                0.1751033 0.2467428 0.5467228 0.5490422 0.1194273 0.1495457 0.2663732 0.7051340 0.1899011 0.2410210 0.0000000 
